-979.0	445.0	
-979.0	445.0	
-979.0	445.0	
-979.0	445.0	
-979.0	445.0	
-979.0	445.0	
-968.0	436.0	
-968.0	436.0	
-979.0	445.0	
-979.0	445.0	
-968.0	436.0	
-968.0	436.0	
-968.0	436.0	
-968.0	436.0	
-968.0	436.0	
-979.0	445.0	
-968.0	436.0	
-979.0	445.0	
-968.0	436.0	
-968.0	436.0	
-968.0	436.0	
-979.0	445.0	
-979.0	445.0	
-968.0	436.0	
-979.0	445.0	
-968.0	436.0	
-979.0	445.0	
-979.0	445.0	
-968.0	436.0	
-979.0	445.0	
-979.0	445.0	
-979.0	445.0	
-979.0	445.0	
-979.0	445.0	
-979.0	445.0	
-968.0	436.0	
-968.0	436.0	
-968.0	436.0	
-968.0	436.0	
-979.0	445.0	
-968.0	436.0	
-979.0	445.0	
-968.0	436.0	
-968.0	436.0	
-979.0	445.0	
-968.0	436.0	
-979.0	445.0	
-968.0	436.0	
-968.0	436.0	
-968.0	436.0	
-985.0	451.0	
-985.0	451.0	
-985.0	451.0	
-985.0	451.0	
-985.0	451.0	
-985.0	451.0	
-985.0	451.0	
-985.0	451.0	
-985.0	451.0	
-985.0	451.0	
-985.0	451.0	
-985.0	451.0	
-985.0	451.0	
-985.0	451.0	
-985.0	451.0	
-985.0	451.0	
-985.0	451.0	
-985.0	451.0	
-985.0	451.0	
-985.0	451.0	
-985.0	451.0	
-985.0	451.0	
-985.0	451.0	
-985.0	451.0	
-985.0	451.0	
-974.0	442.0	
-974.0	442.0	
-974.0	442.0	
-974.0	442.0	
-974.0	442.0	
-974.0	442.0	
-974.0	442.0	
-974.0	442.0	
-974.0	442.0	
-974.0	442.0	
-974.0	442.0	
-974.0	442.0	
-974.0	442.0	
-974.0	442.0	
-974.0	442.0	
-974.0	442.0	
-974.0	442.0	
-974.0	442.0	
-974.0	442.0	
-974.0	442.0	
-974.0	442.0	
-974.0	442.0	
-974.0	442.0	
-974.0	442.0	
-974.0	442.0	
