27
18
27
19
27
15
6
27
8
32
20
34
19
7
6
38
21
6
10
18
12
22
24
26
40
14
32
32
5
33
4
21
13
15
21
35
23
38
36
20
38
19
40
8
33
8
36
22
37
20
40
7
26
26
10
39
21
13
40
38
29
18
27
35
13
32
5
12
24
2
38
31
32
2
8
32
12
20
25
10
19
14
6
33
25
5
4
24
19
4
36
37
11
26
35
37
3
17
20
19
25
21
33
39
1
40
33
9
21
30
32
7
12
33
38
35
13
24
25
36
36
11
8
5
12
27
31
25
4
25
30
25
2
19
13
14
22
40
38
3
1
36
16
39
34
23
11
27
22
7
40
3
22
5
28
18
2
21
29
31
36
13
33
13
3
39
35
31
24
11
27
18
34
40
11
35
18
27
36
23
25
28
28
1
11
12
1
27
13
23
39
8
4
19
7
9
23
30
1
37
29
34
18
28
19
32
31
20
22
39
2
28
11
37
18
9
2
19
30
30
36
12
30
5
22
25
15
27
33
8
15
35
35
15
16
26
23
37
1
35
6
35
12
6
7
19
16
39
37
18
23
2
21
9
34
28
16
1
13
7
4
9
24
29
28
27
30
15
24
19
3
1
25
29
3
37
26
16
33
32
22
22
33
13
12
7
1
9
34
34
17
29
29
29
31
8
30
26
27
18
12
5
15
40
36
40
29
3
3
24
32
12
27
35
26
36
24
11
8
27
7
22
23
40
14
31
24
17
29
9
20
12
38
7
30
35
35
25
36
31
3
35
23
11
31
1
33
38
40
23
11
11
7
36
34
26
17
36
35
28
30
5
28
25
38
26
6
19
3
9
37
15
12
19
8
7
15
5
8
34
39
5
40
22
1
20
34
16
5
5
7
20
12
19
8
15
9
34
7
5
20
4
36
18
13
13
13
6
13
19
1
6
38
31
37
29
21
32
6
37
6
15
14
38
5
14
18
18
38
36
12
3
23
17
4
4
34
11
21
25
9
12
32
20
10
9
37
4
17
32
26
17
23
21
11
33
37
10
36
31
32
16
23
10
12
29
5
1
22
24
31
13
12
11
15
15
5
39
4
25
16
22
33
20
32
24
34
22
11
14
14
11
26
19
30
22
27
2
35
21
1
35
9
32
33
11
12
23
26
21
13
2
33
3
3
19
12
27
1
38
26
18
38
5
16
30
23
15
27
7
22
28
22
5
40
11
15
35
35
12
9
7
12
23
10
36
39
13
32
8
30
5
24
31
31
28
25
23
34
3
10
29
33
27
1
7
7
30
7
13
18
10
8
17
2
34
24
7
10
8
11
7
30
8
17
32
13
9
29
15
12
33
16
37
4
27
40
30
28
11
19
17
17
33
25
23
12
1
28
27
37
11
28
32
20
19
21
18
31
9
6
34
12
25
3
26
18
14
33
38
6
19
15
29
38
16
28
14
20
40
20
13
13
15
15
1
22
31
32
33
37
17
4
6
15
11
31
27
8
21
37
15
37
12
23
38
15
34
38
17
24
1
15
30
16
25
9
39
15
31
12
1
1
12
15
22
20
38
23
1
37
19
28
22
3
27
4
32
26
28
12
26
40
4
19
11
16
40
30
18
40
7
20
38
38
8
21
23
11
21
27
4
25
17
12
32
3
28
14
39
20
4
10
27
12
32
7
17
34
23
4
19
9
36
4
30
3
30
17
2
22
38
18
38
2
18
9
17
6
14
15
22
20
40
29
20
15
22
32
10
35
32
34
22
37
5
22
19
39
20
27
32
4
6
18
38
10
17
18
1
6
4
14
34
10
34
14
8
14
40
34
37
20
22
26
38
9
13
15
3
30
15
19
13
36
3
15
35
7
13
16
9
10
33
20
12
11
1
9
26
4
1
33
25
2
31
20
11
6
18
14
2
17
12
8
4
25
3
18
17
35
16
24
35
32
29
16
28
39
32
9
9
28
17
18
13
31
29
17
10
3
18
21
34
38
28
31
40
10
7
28
30
35
2
30
34
38
33
20
18
24
35
14
3
3
10
1
10
22
28
26
26
33
31
38
20
18
6
9
2
28
14
15
6
20
6
6
15
10
29
23
40
3
35
34
23
5
38
7
7
17
32
31
40
23
23
12
14
39
31
31
10
4
34
15
40
12
15
40
9
18
20
10
33
40
24
1
4
3
25
4
19
18
35
10
39
35
39
22
21
17
37
39
31
32
36
22
28
7
16
11
9
19
5
36
19
18
28
17
7
19
12
32
24
33
10
6
31
39
22