21
34
33
29
11
6
6
12
31
2
18
15
34
18
40
12
9
18
21
23
2
38
1
30
2
34
32
11
4
34
14
37
3
25
31
2
27
28
18
16
21
29
39
2
17
15
2
11
27
6
4
33
16
4
26
15
29
24
4
22
19
26
8
18
16
20
6
31
3
5
35
33
21
38
20
36
28
6
8
34
8
2
4
30
30
24
33
30
4
2
11
22
13
7
36
1
17
40
22
15
12
39
32
3
8
40
1
33
19
15
16
14
38
16
17
38
27
19
15
29
18
16
8
18
32
36
19
5
2
32
12
33
34
7
32
34
18
32
1
27
20
29
3
31
37
39
29
34
8
34
33
7
31
31
11
15
35
26
20
30
2
25
15
10
28
38
25
20
38
39
30
27
19
13
11
35
21
12
4
15
6
22
3
31
38
36
10
9
12
38
27
18
8
4
22
1
17
27
38
38
1
39
35
22
26
9
28
15
27
16
21
39
8
10
38
26
17
3
31
28
29
12
16
2
3
26
28
32
36
18
6
11
27
2
33
5
21
7
30
20
39
3
3
27
13
7
21
25
34
28
21
38
28
24
38
23
37
29
36
6
16
6
38
28
4
24
26
11
3
31
1
35
37
34
37
8
10
16
16
5
30
10
39
30
13
15
40
38
17
9
29
15
13
39
37
17
14
12
7
24
26
28
33
21
36
6
27
39
20
35
29
10
22
36
7
9
4
12
25
27
13
11
19
4
30
4
15
35
38
18
25
8
36
11
26
7
2
28
39
33
3
24
21
38
3
1
21
34
35
38
40
11
6
27
28
31
33
12
36
33
33
11
37
2
30
13
33
36
9
37
4
1
9
21
19
39
25
8
18
36
23
35
17
35
1
20
25
33
18
25
4
18
31
6
19
16
26
25
10
7
17
12
33
30
14
32
19
23
24
23
36
7
19
7
35
7
8
31
2
23
34
15
32
39
25
16
21
27
39
6
38
1
38
40
2
14
10
35
2
17
4
35
18
16
25
12
39
4
22
11
9
3
28
15
21
25
37
4
36
6
26
18
17
9
14
14
13
34
2
13
32
1
5
5
38
6
25
12
2
7
23
40
2
8
10
11
1
40
24
26
34
12
38
33
32
5
15
14
34
29
3
31
13
24
35
34
39
6
35
39
39
16
25
13
22
16
37
31
6
31
40
7
15
30
21
11
17
25
6
7
18
25
38
8
6
30
6
11
12
32
39
9
23
22
39
14
38
16
2
18
32
7
17
2
17
36
26
5
7
36
20
4
12
30
18
4
35
38
20
22
24
29
21
12
33
4
31
18
6
33
29
24
32
30
5
11
2
37
5
34
10
6
12
5
21
10
20
15
1
10
24
1
35
18
29
33
7
10
22
37
28
8
16
24
20
22
38
30
22
25
13
5
33
38
16
8
24
37
36
37
29
8
31
38
31
39
19
15
36
19
39
1
7
4
34
30
19
3
9
18
18
6
22
13
33
13
30
29
32
35
18
10
29
7
18
3
15
21
12
40
14
13
25
33
6
8
13
9
28
28
21
35
10
1
6
38
20
38
23
15
16
11
28
23
3
19
8
31
26
17
14
24
8
30
22
4
20
15
15
19
21
13
9
13
21
1
3
19
8
11
23
24
12
21
25
35
37
15
25
15
32
11
25
15
36
22
15
19
21
21
38
27
12
31
34
7
36
8
26
15
3
40
30
10
32
38
28
23
4
13
19
14
19
7
4
10
35
29
35
32
2
30
8
10
36
12
7
11
35
26
24
40
32
24
25
6
10
36
10
38
21
27
21
37
12
4
7
28
18
17
6
5
28
23
2
9
12
2
39
12
18
4
19
37
23
29
29
20
1
36
8
23
38
23
22
5
27
33
23
24
30
37
31
19
21
40
12
26
8
11
20
19
1
1
25
31
7
10
22
35
21
26
34
13
36
24
39
24
8
25
28
7
20
31
40
31
3
33
18
40
6
18
32
25
13
12
32
12
19
30
32
11
28
5
27
7
4
28
32
6
36
10
32
33
13
18
1
37
5
4
8
7
4
24
37
35
25
25
33
3
10
30
35
35
25
37
39
28
26
19
25
17
21
5
27
29
8
14
2
20
14
4
19
15
8
36
30
11
10
25
38
29
2
29
10
19
31
39
35
20
7
18
7
19
24
6
3
5
21
29
8
27
8
8
40
26
19
6
34
29
21
16
16
2
32
26
20
22
8
34
6
7
34
18
40
6
25
20
32
25
28
34
33
1
27
31
35
34
35
3